
Handles  NPM(K)    PM(K)      WS(K)     CPU(s)     Id  SI ProcessName                                                  
-------  ------    -----      -----     ------     --  -- -----------                                                  
   1045      20     7180      12204              1848   0 svchost                                                      
    155      29     5860       4024              1732   0 svchost                                                      
    182       9     1804       3548              1704   0 svchost                                                      
    195      10     2196       5768              1952   0 svchost                                                      
    133      12     1584       2332              1932   0 svchost                                                      
    431      12     3108       4448              1880   0 svchost                                                      
    334      28     3736      10028              1640   0 svchost                                                      
    311      30     4612      11340              1516   0 svchost                                                      
    374      13     3620       9084              1312   0 svchost                                                      
    252      13     3040       6080              1668   0 svchost                                                      
    222      19     2816       5624              1656   0 svchost                                                      
    209      22     2012       2852              1648   0 svchost                                                      
    449      14    18188      14584              2816   0 svchost                                                      
    246      11     2628       4684              2808   0 svchost                                                      
    188      10     1680       3880              2704   0 svchost                                                      
    218      11     1980       6528              3004   0 svchost                                                      
    402      19     6340      15408              2992   0 svchost                                                      
    269       8     1292       3916              2860   0 svchost                                                      
    318      15     4088      11328              2312   0 svchost                                                      
    213      11     2404       6884              2180   0 svchost                                                      
    136       9     1516       3680              2000   0 svchost                                                      
    270      10     1972       5628              2436   0 svchost                                                      
    305      16     4076       6096              2428   0 svchost                                                      
    281      12     3440      12968              2340   0 svchost                                                      
    390      10     4036       1228              8004   0 postgres                                                     
    364      10     2500       1592              6956   0 postgres                                                     
    365      10     2456       1352              6948   0 postgres                                                     
    356      36    87248      12324              5748   0 python                                                       
    249      28    24500      11720              7376   0 PresentationFontCache                                        
    372      10     3520       1216              8032   0 postgres                                                     
    365      10     3056       1836              6120   0 postgres                                                     
    364      10     2240       1936              6048   0 postgres                                                     
    421      17     3400       3752              5984   0 postgres                                                     
    364      10     2512       1396              6848   0 postgres                                                     
    365      10     3040       2516              6500   0 postgres                                                     
    365      10     2224       1620              6128   0 postgres                                                     
    257      14     6848      13288              6872   0 steamservice                                                 
    419      21     5444       9480              4440   0 spoolsv                                                      
     58       3     1112        524               696   0 smss                                                         
   1523      20     9964      13876              1268   0 svchost                                                      
   1330      28    12704      25388              1164   0 svchost                                                      
   1670      20     5932      12412              1148   0 svchost                                                      
    132       8     1384       4532              4740   0 wlanext                                                      
    330      13     2712       4444              4968   0 RtkAudUService64                                             
      0      21     7688      22792               192   0 Registry                                                     
    756      13     5704       6272               804   0 services                                                     
    407      15     4076      10456              4176   0 SecurityHealthService                                        
    769      20    27344      34616              9764   0 SearchIndexer                                                
    469      25     6068      16436              8428   0 svchost                                                      
    255      14     3648       6940              8036   0 svchost                                                      
    208      12     2296       3872              7828   0 svchost                                                      
    269      15     3596       6232             10440   0 svchost                                                      
    417      15     5144       9180              9900   0 svchost                                                      
    383      12     2584       8616              9248   0 svchost                                                      
    371      20     2836       6772              5024   0 svchost                                                      
    189      11     2044       4180              5016   0 svchost                                                      
    136       9     1272       2480              4960   0 svchost                                                      
    275      12     2524       5436              7076   0 svchost                                                      
    307      13     3064       6468              6984   0 svchost                                                      
    204      12     2328       4996              6532   0 svchost                                                      
   5454       0       60       3292                 4   0 System                                                       
    123       8     1244       5568             22252   0 svchost                                                      
    323      15     3564       3164             20644   0 svchost                                                      
    275      12     2512      10724             12480   2 winlogon                                                     
    146      12     1608       3144               768   0 wininit                                                      
    107      10     1336       3744              4984   0 wallpaperservice32                                           
    221      17     2016       3292             12440   0 svchost                                                      
    441      27     3824       5572             11524   0 svchost                                                      
    186      83     2400       3660             11108   0 svchost                                                      
    438      18     6828       6452             18300   0 svchost                                                      
    201      11     2528       4620             16964   0 svchost                                                      
    159      42     1740       1340             12528   0 svchost                                                      
    306      11    15500      20312              3696   0 svchost                                                      
    122       8     1380       4400              3632   0 svchost                                                      
    201      11     2096       5084              3472   0 svchost                                                      
    553      15     4760      13560              3892   0 svchost                                                      
    386      17     7212      13448              3844   0 svchost                                                      
    196      11     2336       6392              3824   0 svchost                                                      
    150      10     1772       5604              3232   0 svchost                                                      
    182       9     1924       5156              3088   0 svchost                                                      
    240      13     2600       6932              3076   0 svchost                                                      
    240      10     2156       6116              3464   0 svchost                                                      
    213       7     2176       4708              3364   0 svchost                                                      
    188      13     1916       5744              3300   0 svchost                                                      
    224      13     2652       1888              4860   0 svchost                                                      
    252      13     3596      13724              4804   0 svchost                                                      
    185      10     1780       5888              4600   0 svchost                                                      
    688      29    21320      26852              4940   0 svchost                                                      
    407      19     4484      13580              4932   0 svchost                                                      
    377      23    32764      37232              4924   0 svchost                                                      
    170       9     1756       5440              4008   0 svchost                                                      
    472      13     3024       8156              4000   0 svchost                                                      
    167       9     1560       5340              3940   0 svchost                                                      
    514      35    12420      14084              4548   0 svchost                                                      
    229      15     2952       8696              4296   0 svchost                                                      
    534      25     6924      14424              4272   0 svchost                                                      
    224      12     3040       4692              5100   0 LMS                                                          
   1723      30    10384      20184              1040   0 lsass                                                        
    147       9     1340       2408              4988   0 jhi_service                                                  
    155       9     1516       1952              1860   0 IntelCpHDCPSvc                                               
    143       8     1604       2528              2108   0 IntelCpHeciSvc                                               
      0       0     2428     240292              3240   0 Memory Compression                                           
    218      12     4028       4404              9452   0 NisSrv                                                       
    126       8     1700       2076              5008   0 nssm                                                         
    971     224   337356     225688              5032   0 MsMpEng                                                      
    399      19    14928      28268               948   0 MoUsoCoreWorker                                              
    476      16    12472      12732              5056   0 MpDefenderCoreService                                        
    158      10     5644       3020              5992   0 conhost                                                      
    733      26     2300       3312               940   0 csrss                                                        
    149      10     5652       3216              5360   0 conhost                                                      
    153      10     2652       4544              6788   0 AggregatorHost                                               
     93       7     5208       3984              4748   0 conhost                                                      
    847      34     2912       7520             17748   2 csrss                                                        
      0       0       60          8                 0   0 Idle                                                         
    188      11     2136       6264              3392   0 igfxCUIService                                               
     42      11     4904      10780             20200   2 fontdrvhost                                                  
   1771     637  8426784    6061696             20232   2 dwm                                                          
     42       6     1648       1488              1192   0 fontdrvhost                                                  
    691     146    13008      19904              4976   0 nvcontainer                                                  
    642      31    33720      37184             13892   2 NVDisplay.Container                                          
    114       8     1320       1460              5676   0 pg_ctl                                                       
    471      23    25792      21800              2504   0 NVDisplay.Container                                          
    451      20    30248      16084              4912   0 OneApp.IGCC.WinService                                       
    191      11     1468       3076              4996   0 PnkBstrA                                                     
    116       8     5376       1124       0,00  20972   2 conhost                                                      
    272      17     9360      14008       0,00  15616   2 steamwebhelper                                               
    155      10     2268      11148       0,00  19004   2 RuntimeBroker                                                
    146       9     2072       7668       0,00   6380   2 msedge                                                       
    156      11     1432       7972       0,00   4724   2 jusched                                                      
    218      17    21008      13708       0,00   2844   2 firefox                                                      
    311      20    10272      23448       0,00  20632   2 steamwebhelper                                               
    148       9     1992       9584       0,00  11540   2 svchost                                                      
    111       8     1276       6300       0,00  15292   2 svchost                                                      
    113       8     2596       8328       0,00    708   2 conhost                                                      
    202       9     2000       9184       0,00   8340   2 RuntimeBroker                                                
    137      10     2072       9628       0,00  20460   2 UserOOBEBroker                                               
    140       8     1420       8856       0,00  14360   2 conhost                                                      
    215      13     7100         16       0,02  11556   2 msedgewebview2                                               
    313      33    18056      41912       0,02   8700   2 backgroundTaskHost                                           
    303      19   354920      42508       0,02  20640   2 javaw                                                        
    188      10     1908       9944       0,02  15752   2 SecurityHealthSystray                                        
    163      11     2236      11144       0,02  21900   2 RuntimeBroker                                                
    132       8     1648       7940       0,02   3028   2 dllhost                                                      
    207      12    11460      32316       0,02  16752   2 Discord                                                      
    528      25    24936      41324       0,02  12276   2 steamwebhelper                                               
    288      15     3116      15980       0,02  11292   2 OpenConsole                                                  
    337      19    42700      23472       0,02  10164   2 firefox                                                      
    269      18    10712      18472       0,02  18288   2 steamwebhelper                                               
    188      13    37616      14316       0,03  14548   2 firefox                                                      
    259      15    21532      14716       0,03  15480   2 firefox                                                      
    159       9     2096       7388       0,03  15088   2 msedgewebview2                                               
    359      18    26740      31272       0,03  20652   2 msedge                                                       
    169      10     7292      16428       0,03  19032   2 msedge                                                       
    173      10     8132         16       0,03   6580   2 msedgewebview2                                               
    281      18    28288      25032       0,05  21480   2 firefox                                                      
    281      18    28220      24828       0,05   3496   2 firefox                                                      
    583      28    59896      65376       0,42  14584   2 powershell                                                   
    423      25     5724      20828       0,06   3644   2 svchost                                                      
    252      11     2016       8652       0,06   3016   2 RtkAudUService64                                             
    280      16    12328      78720       0,06  15412   2 Discord                                                      
    281      18    28220      24444       0,08   9780   2 firefox                                                      
    196      11     2484      12744       0,08  12848   2 svchost                                                      
    320      22    39072      46732       0,08  17936   2 firefox                                                      
    128       8     1540       8544       0,09  18712   2 dllhost                                                      
    357      24    11780      29504       0,09  17032   2 steamwebhelper                                               
    555      27     8112      34516       0,11  20020   2 SystemSettingsBroker                                         
    591      22     6028      29604       0,11  21256   2 RuntimeBroker                                                
    439      20     7488      26636       0,13   1956   2 FileCoAuth                                                   
    321      17    11788       1372       0,13  16620   2 msedgewebview2                                               
    283      15     3832      20312       0,13   9680   2 svchost                                                      
    316      18    11924      31988       0,14  13280   2 msedge                                                       
    312      33    18000       1616       0,14  19072   2 backgroundTaskHost                                           
    751      31    29452      46248       0,14  10116   2 ApplicationFrameHost                                         
    664      31    25076      83424       0,17   4256   2 WindowsTerminal                                              
    318      21    31412      41156       0,19  17444   2 firefox                                                      
    319      23    46672      41964       0,22  20952   2 firefox                                                      
    414      25     6508      17364       0,30   2188   2 dllhost                                                      
    450      20     7136      30728       0,33   6684   2 RuntimeBroker                                                
    326      33     7828      19236       0,33  14008   2 taskhostw                                                    
   1219      41    48056      97868       0,36  19076   2 msedge                                                       
    535      26    39964      50448       0,38   7516   2 NVIDIA Share                                                 
    265      15     3408      18360       0,38   7824   2 svchost                                                      
   1511      75   135808     110676       0,42   1784   2 SystemSettings                                               
    148      10     2024       8868       0,47  19716   2 svchost                                                      
    785      29    72116       5428       0,52   5936   2 msedgewebview2                                               
    634      31    62000      79760       0,59  14332   2 powershell                                                   
   1234      46    45080      80792       0,61  19544   2 ShellExperienceHost                                          
    361      20    16252      52260       0,63  15820   2 Discord                                                      
    611      29    16280      62628       0,69  19276   2 LockApp                                                      
    242      14     3068      12896       0,73  21888   2 nvsphelper64                                                 
    330      30    62568      86020       0,77   5652   2 firefox                                                      
    365      22     7348      29392       0,78   1080   2 RuntimeBroker                                                
   1287      44    38872       6364       0,78  13868   2 msedgewebview2                                               
    335      32    92116      87968       0,78   7208   2 firefox                                                      
    326      31    96984      78800       0,81   2884   2 firefox                                                      
    483      19     8580      28760       0,92  19708   2 svchost                                                      
    319      20    33908      32772       0,94  20176   2 firefox                                                      
    694      84    23420      79584       0,97  22304   2 CrossDeviceService                                           
    331      18     4712      21348       1,27  21484   2 WidgetService                                                
    334      42   124756     138252       1,28   4676   2 firefox                                                      
    558      26    10776      36472       1,28  13980   2 RuntimeBroker                                                
    352      34    59300      74652       1,41  10484   2 NVIDIA Share                                                 
    322      28    78376      67344       1,50   8316   2 firefox                                                      
   1480     115    59084     161704       1,63  11060   2 PhoneExperienceHost                                          
    943      37    15928      55468       1,69    212   2 RuntimeBroker                                                
    633      78    30668      15836       1,84  19620   2 NVIDIA Web Helper                                            
    846      34    10964      51264       2,00  18348   2 Widgets                                                      
    387      22     8712      29312       2,19  19536   2 nvcontainer                                                  
    987      45    97856     155728       2,44   8504   2 SnippingTool                                                 
    621      24    27892      48756       3,02  17532   2 ctfmon                                                       
    671      22     6976      34836       3,06  19520   2 sihost                                                       
    736      23     6732      22856       3,16   7668   2 igfxEM                                                       
    330      30    69392      85872       3,41  20884   2 firefox                                                      
    577      23     9236      36896       3,58  16608   2 svchost                                                      
    342      55   186956     146136       3,66   4312   2 firefox                                                      
   1057      42    34272     151024       3,91  17008   2 steamwebhelper                                               
    805      72   199580        176       4,23  16920   2 msedgewebview2                                               
    948      45    52848      96328       4,50   7368   2 StartMenuExperienceHost                                      
   1097      45   103056     104104       5,00   8468   2 Discord                                                      
   1769     125   167048     253472       6,05  18808   2 WhatsApp                                                     
    917      35   144740     133364       6,95  14692   2 steamwebhelper                                               
    813      43    42104      69356       8,34  18720   2 NVIDIA Share                                                 
    755      32   323940     327552      10,70  17932   2 steamwebhelper                                               
   1657     147   224216     131892      11,80   7684   2 SearchHost                                                   
    591      45    51284      41800      14,98   4872   2 nvcontainer                                                  
  18970     167   211952     401376      24,86  16072   2 explorer                                                     
    366      66   313204     369240      31,47  14492   2 firefox                                                      
    355      23   157892     155332      33,05  17096   2 wallpaper32                                                  
   1051      98    87152     100292      33,77  22024   2 steam                                                        
   2336     139   317404     345640      34,00  21852   2 firefox                                                      
  47301      65   132860     160484      41,97   2468   2 OneDrive                                                     
    828      29   113252     128496      42,25  20340   2 Discord                                                      
   1037      77   605072     441868      45,38  18732   2 firefox                                                      
   1174      90   321916     315968      64,06  22256   2 Discord                                                      
   1568     174   804180     808628      79,19  22164   2 eclipse                                                      
    605      15    12896      18968     176,88   4376   0 audiodg                                                      


